depth	min95%	max95%	best	accrate
0	-60	-41	-50	5.78
1	-55	-33	-44	5.78
2	-51	-25	-39	5.78
3	-48	-16	-33	5.78
4	-45	-7	-27	5.78
5	-42	3	-21	5.78
6	-39	12	-15	5.78
7	-36	22	-10	5.78
8	-33	31	-4	5.78
9	-30	41	2	5.78
10	-27	51	8	5.78
11	-25	61	14	5.78
12	-22	71	19	5.78
13	-20	80	25	5.78
14	-17	90	31	5.78
15	-14	100	37	5.78
16	-12	109	42	5.78
17	-9	119	48	5.78
18	-7	129	54	5.78
19	-4	139	60	5.78
20	-1	148	66	5.78
21	1	158	71	5.78
22	4	168	77	5.78
23	6	178	83	5.78
24	9	188	89	5.78
25	11	198	94	5.78
26	14	208	100	5.78
27	16	218	106	5.78
28	18	228	112	5.78
29	21	237	118	5.78
30	23	247	123	5.78
31	26	257	129	3
32	29	259	132	3
33	33	261	135	3
34	37	263	138	3
35	41	265	141	3
36	44	267	144	3
37	49	269	147	3
38	52	271	150	3
39	56	273	153	3
40	59	275	156	3
41	62	277	159	3
42	66	280	162	3
43	70	282	165	3
44	73	284	168	3
45	77	286	171	3
46	81	288	174	3
47	85	291	177	3
48	88	293	180	3
49	91	295	183	3
50	95	298	186	3
51	98	300	189	3
52	102	302	192	3
53	105	304	195	3
54	108	306	198	3
55	111	309	201	3
56	114	311	204	3
57	117	314	207	3
58	120	316	210	3
59	123	318	213	3
60	126	320	216	3
61	129	323	219	3
62	132	325	222	3
63	135	327	225	3
64	138	330	228	3
65	141	332	231	3
66	144	335	234	3
67	147	337	237	3
68	150	339	240	3
69	153	342	243	3
70	156	344	246	3
71	159	346	249	3
72	162	349	252	3
73	165	351	255	3
74	168	354	258	3
75	171	357	261	3
76	174	359	264	3
77	176	361	267	3
78	179	364	270	3
79	182	366	273	3
80	185	368	276	3
81	188	371	279	3
82	190	373	282	3
83	193	376	285	3
84	196	378	288	3
85	198	380	291	3
86	201	383	294	3
87	204	386	297	3
88	207	388	300	3
89	210	390	303	3
90	213	393	306	3
91	216	395	309	3
92	219	397	312	3
93	221	400	315	3
94	224	402	318	3
95	227	404	321	3
96	230	407	324	3
97	233	409	327	3
98	235	412	330	3
99	238	414	333	3
100	241	417	336	3
101	244	419	339	3
102	247	422	342	3
103	250	424	345	3
104	253	427	348	3
105	255	429	351	3
106	258	432	354	3
107	261	434	357	3
108	264	437	360	3
109	266	439	363	3
110	269	442	366	3
111	271	444	369	3
112	274	448	372	3
113	276	451	375	3
114	279	453	378	3
115	282	456	381	3
116	284	458	384	3
117	287	460	387	3
118	289	463	390	3
119	292	465	393	3
120	294	468	396	3
121	297	471	399	3
122	299	473	402	3
123	301	476	405	3
124	304	479	408	3
125	306	483	411	3
126	309	486	414	3
127	311	489	417	3
128	314	492	420	3
129	316	495	423	3
130	318	499	426	3
131	320	502	429	3
132	322	506	432	3
133	324	510	435	3
134	326	513	438	3
135	328	517	441	5.76
136	334	522	446	5.76
137	341	528	452	5.76
138	347	533	458	5.76
139	353	539	464	5.76
140	360	545	470	5.76
141	366	550	475	5.76
142	373	555	481	5.76
143	379	560	487	5.76
144	385	565	493	5.76
145	392	571	498	5.76
146	398	576	504	5.76
147	405	581	510	5.76
148	411	586	516	5.76
149	417	591	521	5.76
150	423	596	527	5.76
151	429	601	533	5.76
152	435	607	539	5.76
153	442	612	544	5.76
154	448	618	550	5.76
155	454	624	556	5.76
156	460	629	562	5.76
157	467	635	568	5.76
158	473	641	573	5.76
159	479	646	579	5.76
160	486	652	585	5.76
161	492	657	591	5.76
162	499	662	596	5.76
163	505	668	602	5.76
164	511	673	608	5.76
165	517	679	614	5.76
166	524	685	619	5.76
167	530	690	625	5.76
168	536	696	631	5.76
169	542	701	637	5.76
170	549	706	642	5.76
171	555	712	648	5.76
172	561	717	654	5.76
173	567	723	660	5.76
174	574	729	666	5.76
175	580	734	671	5.76
176	586	740	677	5.76
177	593	746	683	5.76
178	599	752	689	5.76
179	605	758	694	5.76
180	612	764	700	5.76
181	618	770	706	5.76
182	624	776	712	5.76
183	631	782	717	5.76
184	637	788	723	5.76
185	643	793	729	5.76
186	649	799	735	5.76
187	655	805	740	5.76
188	661	811	746	5.76
189	668	817	752	5.76
190	674	823	758	5.76
191	680	828	763	5.76
192	686	834	769	5.76
193	692	840	775	5.76
194	698	846	781	5.76
195	704	852	787	5.76
196	710	858	792	5.76
197	716	864	798	5.76
198	722	870	804	5.76
199	728	876	810	5.76
200	735	882	815	5.76
201	741	888	821	5.76
202	747	894	827	5.76
203	753	900	833	5.76
204	759	906	838	5.76
205	766	912	844	5.76
206	772	918	850	5.76
207	778	924	856	5.76
208	784	930	861	5.76
209	790	936	867	5.76
210	796	942	873	5.76
211	802	949	879	5.76
212	808	955	885	5.76
213	815	961	890	5.76
214	821	968	896	5.76
215	827	974	902	5.76
216	833	980	908	5.76
217	840	986	913	5.76
218	846	992	919	5.76
219	852	998	925	5.76
220	858	1004	931	5.76
221	864	1011	936	5.76
222	870	1017	942	5.76
223	876	1023	948	5.76
224	882	1029	954	5.76
225	888	1035	959	5.76
226	894	1041	965	5.76
227	900	1047	971	5.76
228	906	1054	977	5.76
229	911	1060	983	5.76
230	917	1066	988	5.76
231	923	1071	994	5.76
232	929	1078	1000	5.76
233	935	1084	1006	5.76
234	942	1090	1011	5.76
235	948	1097	1017	5.76
236	954	1103	1023	5.76
237	960	1109	1029	5.76
238	966	1115	1034	5.76
239	972	1122	1040	5.76
240	978	1128	1046	5.76
241	984	1135	1052	5.76
242	990	1141	1057	5.76
243	996	1147	1063	5.76
244	1002	1153	1069	5.76
245	1008	1159	1075	5.76
246	1014	1164	1080	5.76
247	1020	1171	1086	5.76
248	1026	1177	1092	5.76
249	1031	1184	1098	5.76
250	1037	1190	1104	5.76
251	1043	1197	1109	5.76
252	1049	1203	1115	5.76
253	1056	1209	1121	5.76
254	1062	1216	1127	5.76
255	1068	1222	1132	5.76
256	1074	1229	1138	5.76
257	1080	1235	1144	5.76
258	1086	1241	1150	5.76
259	1091	1248	1155	5.76
260	1097	1254	1161	5.76
261	1103	1261	1167	5.76
262	1109	1267	1173	5.76
263	1115	1273	1178	5.76
264	1121	1280	1184	5.76
265	1127	1286	1190	5.76
266	1133	1293	1196	5.76
267	1139	1299	1202	5.76
268	1145	1306	1207	5.76
269	1151	1313	1213	5.76
270	1157	1319	1219	5.76
271	1163	1326	1225	5.76
272	1168	1333	1230	5.76
273	1173	1339	1236	5.76
274	1179	1346	1242	5.76
275	1185	1353	1248	5.76
276	1191	1360	1253	5.76
277	1196	1366	1259	5.76
278	1202	1373	1265	5.76
279	1208	1380	1271	5.76
280	1214	1387	1276	5.76
281	1220	1393	1282	5.76
282	1225	1400	1288	5.76
283	1230	1407	1294	5.76
284	1236	1413	1300	5.76
285	1242	1420	1305	5.76
286	1248	1427	1311	5.76
287	1254	1434	1317	5.76
288	1260	1440	1323	5.76
289	1265	1447	1328	5.76
290	1271	1453	1334	5.76
291	1276	1460	1340	5.76
292	1281	1466	1346	5.76
293	1287	1472	1351	5.76
294	1292	1478	1357	5.76
295	1297	1485	1363	5.76
296	1303	1491	1369	5.76
297	1308	1498	1374	5.76
298	1314	1505	1380	11.87
299	1326	1514	1392	11.87
300	1340	1524	1404	11.87
301	1354	1533	1416	11.87
302	1366	1543	1428	11.87
303	1378	1554	1440	11.87
304	1389	1564	1451	11.87
305	1401	1574	1463	11.87
306	1412	1583	1475	11.87
307	1423	1594	1487	11.87
308	1435	1604	1499	11.87
309	1447	1614	1511	11.87
310	1458	1624	1523	11.87
311	1469	1635	1535	11.87
312	1481	1645	1546	11.87
313	1492	1655	1558	11.87
314	1504	1667	1570	11.87
315	1515	1679	1582	11.87
316	1527	1690	1594	11.87
317	1538	1702	1606	11.87
318	1549	1713	1618	11.87
319	1560	1725	1630	11.87
320	1570	1737	1641	11.87
321	1580	1749	1653	11.87
322	1590	1760	1665	11.87
323	1601	1771	1677	11.87
324	1611	1783	1689	11.87
325	1621	1794	1701	11.87
326	1630	1806	1713	11.87
327	1640	1818	1724	11.87
328	1651	1831	1736	11.87
329	1662	1843	1748	11.87
330	1671	1855	1760	11.87
331	1681	1867	1772	11.87
332	1692	1878	1784	11.87
333	1702	1889	1796	11.87
334	1712	1902	1808	11.87
335	1722	1914	1819	11.87
336	1732	1926	1831	11.87
337	1742	1939	1843	11.87
338	1752	1951	1855	11.87
339	1762	1963	1867	11.87
340	1772	1976	1879	11.87
341	1782	1988	1891	11.87
342	1791	1999	1903	11.87
343	1801	2012	1914	11.87
344	1811	2025	1926	11.87
345	1820	2038	1938	11.87
346	1830	2051	1950	11.87
347	1840	2063	1962	11.87
348	1849	2075	1974	11.87
349	1859	2089	1986	11.87
350	1869	2102	1998	11.87
351	1878	2115	2009	11.87
352	1888	2129	2021	11.87
353	1897	2142	2033	11.87
354	1907	2155	2045	11.87
355	1917	2168	2057	11.87
356	1927	2182	2069	11.87
357	1936	2196	2081	11.87
358	1946	2210	2092	11.87
359	1956	2222	2104	11.87
360	1966	2235	2116	11.87
361	1975	2249	2128	11.87
362	1985	2261	2140	11.87
363	1995	2275	2152	11.87
364	2004	2288	2164	11.87
365	2014	2302	2176	7.95
366	2024	2309	2184	7.95
367	2034	2315	2191	7.95
368	2045	2321	2199	7.95
369	2055	2328	2207	7.95
370	2064	2334	2215	7.95
371	2075	2341	2223	7.95
372	2085	2348	2231	7.95
373	2095	2355	2239	7.95
374	2105	2362	2247	7.95
375	2114	2369	2255	7.95
376	2124	2376	2263	7.95
377	2133	2383	2271	7.95
378	2143	2389	2279	7.95
379	2153	2395	2287	7.95
380	2162	2401	2295	7.95
381	2172	2408	2303	7.95
382	2182	2416	2311	7.95
383	2192	2423	2319	7.95
384	2202	2431	2327	7.95
385	2212	2438	2335	7.95
386	2222	2444	2342	7.95
387	2232	2451	2350	7.95
388	2242	2457	2358	7.95
389	2252	2464	2366	7.95
390	2262	2472	2374	7.95
391	2271	2479	2382	7.95
392	2281	2486	2390	7.95
393	2290	2492	2398	7.95
394	2299	2499	2406	7.95
395	2309	2505	2414	7.95
396	2320	2512	2422	7.95
397	2329	2519	2430	7.95
398	2338	2526	2438	7.95
399	2347	2533	2446	7.95
400	2357	2540	2454	7.95
401	2367	2548	2462	7.95
402	2377	2556	2470	7.95
403	2386	2564	2478	7.95
404	2395	2572	2485	7.95
405	2404	2580	2493	7.95
406	2413	2587	2501	7.95
407	2423	2595	2509	7.95
408	2432	2603	2517	7.95
409	2441	2611	2525	7.95
410	2451	2618	2533	7.95
411	2461	2626	2541	7.95
412	2469	2634	2549	7.95
413	2479	2642	2557	7.95
414	2490	2649	2565	7.95
415	2499	2656	2573	7.95
416	2508	2664	2581	7.95
417	2516	2672	2589	7.95
418	2525	2681	2597	7.95
419	2535	2689	2605	7.95
420	2544	2696	2613	7.95
421	2552	2704	2621	7.95
422	2561	2712	2629	7.95
423	2570	2720	2636	7.95
424	2579	2730	2644	7.95
425	2587	2739	2652	7.95
426	2596	2747	2660	7.95
427	2604	2755	2668	7.95
428	2613	2764	2676	7.95
429	2622	2773	2684	7.95
430	2631	2782	2692	7.95
431	2639	2790	2700	7.95
432	2648	2798	2708	7.95
433	2657	2807	2716	7.95
434	2665	2816	2724	7.95
435	2673	2824	2732	7.95
436	2681	2832	2740	7.95
437	2690	2840	2748	7.95
438	2698	2850	2756	7.95
439	2707	2859	2764	7.95
440	2715	2868	2772	7.95
441	2723	2878	2779	7.95
442	2730	2886	2787	7.95
443	2738	2897	2795	7.95
444	2745	2906	2803	7.95
445	2753	2914	2811	148.31
446	2902	3057	2960	148.31
447	3050	3204	3108	148.31
448	3197	3353	3256	148.31
449	3343	3499	3404	148.31
450	3490	3647	3553	148.31
451	3637	3795	3701	148.31
452	3783	3941	3849	148.31
453	3929	4089	3998	148.31
454	4074	4238	4146	148.31
455	4219	4388	4294	148.31
456	4363	4537	4443	148.31
457	4509	4689	4591	148.31
458	4655	4839	4739	148.31
459	4800	4990	4888	148.31
460	4945	5142	5036	148.31
461	5090	5294	5184	148.31
462	5234	5446	5332	148.31
463	5379	5600	5481	148.31
464	5522	5751	5629	148.31
465	5667	5905	5777	148.31
466	5810	6058	5926	148.31
467	5955	6210	6074	148.31
468	6099	6363	6222	148.31
469	6242	6516	6371	148.31
470	6385	6668	6519	148.31
471	6529	6822	6667	148.31
472	6674	6975	6816	148.31
473	6819	7129	6964	148.31
474	6963	7282	7112	148.31
475	7108	7436	7260	148.31
476	7253	7588	7409	148.31
477	7397	7741	7557	148.31
478	7541	7895	7705	148.31
479	7686	8050	7854	148.31
480	7830	8205	8002	148.31
481	7974	8358	8150	148.31
482	8119	8511	8299	148.31
483	8262	8665	8447	148.31
484	8405	8819	8595	148.31
485	8548	8974	8744	37.71
486	8589	9006	8781	37.71
487	8630	9040	8819	37.71
488	8670	9073	8857	37.71
489	8709	9107	8894	37.71
490	8750	9140	8932	37.71
491	8790	9176	8970	37.71
492	8830	9211	9007	37.71
493	8868	9249	9045	37.71
494	8908	9288	9083	37.71
495	8947	9324	9121	37.71
496	8986	9359	9158	37.71
497	9025	9396	9196	37.71
498	9065	9435	9234	37.71
499	9104	9475	9271	37.71
500	9144	9512	9309	37.71
501	9183	9548	9347	37.71
502	9223	9584	9385	37.71
503	9262	9627	9422	37.71
504	9301	9664	9460	37.71
505	9340	9700	9498	37.71
506	9381	9739	9535	37.71
507	9420	9779	9573	37.71
508	9459	9817	9611	37.71
509	9497	9853	9649	37.71
510	9535	9893	9686	37.71
511	9574	9935	9724	37.71
512	9612	9979	9762	37.71
513	9648	10019	9799	37.71
514	9686	10059	9837	37.71
515	9724	10099	9875	37.71
516	9761	10139	9912	37.71
517	9797	10181	9950	37.71
518	9834	10223	9988	37.71
519	9872	10267	10026	37.71
520	9909	10308	10063	37.71
521	9945	10350	10101	37.71
522	9983	10392	10139	37.71
523	10019	10434	10176	37.71
524	10055	10476	10214	37.71
525	10091	10518	10252	37.71
526	10128	10560	10290	37.71
527	10163	10603	10327	37.71
528	10199	10646	10365	37.71
529	10233	10688	10403	37.71
530	10270	10730	10440	37.71
531	10307	10775	10478	37.71
532	10344	10820	10516	37.71
533	10380	10866	10554	37.71
534	10415	10912	10591	37.71
535	10451	10957	10629	37.71
536	10486	11001	10667	37.71
537	10519	11046	10704	27.72
538	10553	11059	10732	27.72
539	10582	11071	10760	27.72
540	10615	11085	10788	27.72
541	10651	11097	10815	27.72
542	10685	11109	10843	27.72
543	10718	11124	10871	27.72
544	10750	11140	10898	27.72
545	10782	11155	10926	27.72
546	10814	11167	10954	27.72
547	10846	11186	10982	27.72
548	10876	11208	11009	27.72
549	10904	11234	11037	27.72
550	10932	11265	11065	27.72
551	10965	11294	11092	27.72
552	10993	11331	11120	27.72
553	11023	11368	11148	27.72
554	11051	11406	11176	27.72
555	11078	11444	11203	27.72
556	11103	11482	11231	27.72
557	11131	11520	11259	27.72
558	11154	11560	11286	27.72
559	11183	11601	11314	39.17
560	11223	11638	11353	39.17
561	11263	11675	11392	39.17
562	11302	11712	11432	39.17
563	11341	11750	11471	39.17
564	11381	11787	11510	39.17
565	11420	11824	11549	39.17
566	11459	11861	11588	39.17
567	11499	11898	11627	39.17
568	11539	11935	11667	39.17
569	11578	11972	11706	39.17
570	11617	12008	11745	39.17
571	11657	12045	11784	39.17
572	11697	12081	11823	39.17
573	11738	12118	11863	39.17
574	11778	12155	11902	39.17
575	11816	12191	11941	39.17
576	11856	12228	11980	39.17
577	11894	12266	12019	39.17
578	11933	12303	12058	39.17
579	11973	12341	12098	39.17
580	12011	12379	12137	39.17
581	12051	12417	12176	39.17
582	12089	12454	12215	39.17
583	12127	12492	12254	39.17
584	12165	12529	12293	39.17
585	12204	12566	12333	39.17
586	12243	12603	12372	39.17
587	12283	12638	12411	39.17
588	12322	12673	12450	39.17
589	12362	12711	12489	39.17
590	12401	12748	12528	39.17
591	12441	12786	12568	39.17
592	12481	12824	12607	39.17
593	12520	12862	12646	39.17
594	12560	12899	12685	39.17
595	12600	12936	12724	39.17
596	12638	12974	12764	39.17
597	12676	13011	12803	39.17
598	12716	13048	12842	39.17
599	12756	13086	12881	39.17
600	12795	13124	12920	39.17
601	12834	13162	12959	39.17
602	12873	13199	12999	39.17
603	12912	13237	13038	39.17
604	12950	13275	13077	39.17
605	12989	13313	13116	39.17
606	13028	13349	13155	39.17
607	13067	13385	13194	39.17
608	13106	13422	13234	39.17
609	13145	13461	13273	39.17
610	13183	13498	13312	39.17
611	13222	13534	13351	39.17
612	13261	13572	13390	39.17
613	13300	13609	13429	39.17
614	13340	13645	13469	39.17
615	13379	13683	13508	39.17
616	13419	13721	13547	39.17
617	13458	13757	13586	39.17
618	13496	13795	13625	39.17
619	13534	13831	13665	39.17
620	13572	13869	13704	39.17
621	13611	13907	13743	39.17
622	13651	13944	13782	39.17
623	13691	13983	13821	39.17
624	13729	14022	13860	39.17
625	13768	14061	13900	39.17
626	13807	14101	13939	39.17
627	13847	14140	13978	39.17
628	13885	14179	14017	39.17
629	13923	14217	14056	39.17
630	13960	14255	14095	39.17
631	13999	14294	14135	39.17
632	14038	14332	14174	39.17
633	14076	14371	14213	39.17
634	14114	14409	14252	39.17
635	14151	14448	14291	39.17
636	14190	14487	14330	39.17
637	14229	14526	14370	39.17
638	14269	14566	14409	39.17
639	14307	14605	14448	39.17
640	14345	14644	14487	39.17
641	14383	14683	14526	39.17
642	14422	14722	14566	39.17
643	14460	14761	14605	39.17
644	14498	14801	14644	39.17
645	14536	14842	14683	39.17
646	14573	14880	14722	39.17
647	14610	14919	14761	39.17
648	14648	14959	14801	39.17
649	14685	14998	14840	39.17
650	14723	15038	14879	39.17
651	14761	15077	14918	39.17
652	14799	15116	14957	39.17
653	14837	15155	14996	39.17
654	14877	15196	15036	39.17
655	14918	15236	15075	39.17
656	14957	15277	15114	39.17
657	14995	15319	15153	39.17
658	15034	15360	15192	39.17
659	15072	15401	15231	39.17
660	15110	15442	15271	39.17
661	15148	15483	15310	39.17
662	15186	15523	15349	39.17
663	15225	15564	15388	39.17
664	15263	15606	15427	39.17
665	15301	15648	15466	39.17
666	15339	15690	15506	39.17
667	15377	15732	15545	39.17
668	15415	15773	15584	39.17
669	15453	15813	15623	39.17
670	15491	15853	15662	39.17
671	15528	15895	15702	39.17
672	15566	15935	15741	39.17
673	15605	15974	15780	NA
